Date,SEA_AveragePrice,SEA_Total Volume,Seattle,NSH_AveragePrice,NSH_Total Volume,Nashville,NY_AveragePrice,NY_Total Volume,NewYork,PTL_AveragePrice,PTL_Total Volume,Portland,LA_AveragePrice,LA_Total Volume,LosAngeles,ATL_AveragePrice,ATL_Total Volume,Atlanta,CHI_AveragePrice,CHI_Total Volume,Chicago
2015-12-26,1.09,450185.94,359305.0,0.96,123669.89,221310.0,1.17,1129876.05,380236.0,1.01,417190.47,310603.0,0.8,2326942.14,551250.0,0.99,386100.49,208425.0,0.93,661137.13,205159.0
2015-12-19,1.15,404862.32,360985.0,0.99,127373.56,223248.0,1.23,1139347.98,383361.0,0.98,416298.84,309078.0,0.85,2149872.45,545438.0,1.08,331377.53,208738.0,0.91,690669.34,202159.0
2015-12-12,1.05,454428.03,361007.0,0.91,153425.94,221250.0,1.12,1254805.29,382594.0,0.93,429103.52,310941.0,0.74,2690296.07,545063.0,0.96,417772.47,207488.0,1.07,668601.5,202909.0
2015-12-05,0.81,726504.61,358837.0,1.0,130989.23,217500.0,1.2,1068971.54,381875.0,0.73,743770.2,307650.0,0.66,3048290.53,542313.0,1.07,357636.82,203625.0,1.14,664020.49,202409.0
2015-11-28,1.17,373309.53,353837.0,0.95,119919.67,218500.0,1.16,999169.64,377250.0,1.04,353818.15,306150.0,0.83,2156008.93,534938.0,0.99,333280.79,197875.0,1.11,602481.22,203625.0
2015-11-21,1.07,426337.91,356001.0,0.96,127165.59,214500.0,1.14,1111803.12,371500.0,1.03,380726.46,305175.0,0.81,2268076.38,535688.0,1.0,356414.57,196625.0,0.94,751897.89,207125.0
2015-11-14,0.93,643402.84,358523.0,1.04,124671.4,210750.0,1.04,1357393.34,371975.0,0.9,568414.35,300813.0,0.74,2828361.9,529688.0,1.13,339860.68,192875.0,1.17,641881.96,206375.0
2015-11-07,1.06,490827.32,357146.0,1.03,135506.08,213945.0,1.13,1406262.16,369475.0,1.04,406548.16,299663.0,0.84,2621078.31,529938.0,1.12,334041.6,195200.0,1.01,711146.61,208750.0
2015-10-31,1.14,435921.23,358326.0,0.94,159318.32,210695.0,1.06,2180520.22,374088.0,1.06,423475.77,302163.0,0.89,2617806.65,532688.0,0.99,419088.74,196513.0,1.0,807041.46,207000.0
2015-10-24,1.03,520698.46,356135.0,0.91,148660.26,213170.0,1.23,1048045.86,377588.0,0.91,480396.16,299663.0,0.95,2327634.45,530250.0,1.09,358478.08,199388.0,1.12,687650.27,206363.0
2015-10-17,1.08,484106.11,351160.0,0.91,182647.96,218161.0,0.97,1856337.85,379613.0,1.05,438182.64,300913.0,0.89,2661345.12,530500.0,1.09,349072.48,201888.0,1.15,690302.58,210838.0
2015-10-10,0.9,640331.58,353582.0,0.96,167655.6,215466.0,1.28,1099283.22,388863.0,0.79,657656.23,298750.0,0.92,2591981.76,528000.0,0.95,433874.46,201044.0,1.08,708914.17,210588.0
2015-10-03,1.06,513268.88,356111.0,0.96,157490.03,218966.0,1.26,1342963.26,389313.0,1.13,421430.94,296475.0,0.98,2278629.09,529188.0,0.96,418682.26,200481.0,1.18,675172.63,214338.0
2015-09-26,1.1,467791.95,358709.0,1.04,160547.52,216991.0,1.16,1201066.41,392813.0,0.9,484598.47,299112.0,0.9,2674658.54,529938.0,1.07,370321.17,198606.0,1.15,720501.55,215725.0
2015-09-19,1.02,590721.74,365046.0,0.95,197649.58,213225.0,1.18,1192210.54,394438.0,0.94,566385.9,299862.0,0.99,2392448.9,531938.0,0.93,516432.6,198504.0,1.19,729117.42,216100.0
2015-09-12,1.02,586503.27,367747.0,1.05,154621.8,213529.0,1.16,1479334.84,395188.0,1.0,535519.29,303363.0,0.98,2549512.5,535688.0,1.07,417232.18,200898.0,1.19,775671.49,218100.0
2015-09-05,1.17,459793.66,368914.0,0.97,175977.6,213943.0,1.22,1340925.56,397875.0,1.1,465258.45,303388.0,0.92,2983163.34,536000.0,0.97,472136.53,202773.0,1.11,808677.78,221850.0
2015-08-29,1.18,446850.83,369614.0,1.09,142153.55,214668.0,1.22,1251081.11,401625.0,1.14,427776.92,303250.0,0.9,3037663.98,539000.0,1.15,382972.72,204585.0,1.12,773773.53,223600.0
2015-08-22,1.13,551498.09,365206.0,0.97,171575.35,215943.0,1.1,1477964.12,401625.0,1.08,545296.58,302813.0,1.03,2604991.25,536750.0,1.12,379054.29,207688.0,1.2,751850.01,226500.0
2015-08-15,1.15,497526.51,359980.0,0.96,187310.28,219890.0,1.14,1535981.4,399785.0,1.17,465897.27,301688.0,0.93,2943218.77,536750.0,1.09,465213.81,209502.0,1.16,817690.89,226475.0
2015-08-08,1.15,523157.29,359320.0,0.98,176410.4,219700.0,1.1,1563915.04,399160.0,1.19,448135.88,303938.0,0.94,3371114.14,537500.0,1.01,503791.72,212627.0,1.25,731125.01,226975.0
2015-08-01,1.18,519887.27,362357.0,1.08,151807.11,216225.0,1.14,1458722.6,397885.0,1.14,501106.6,306438.0,1.0,2742211.46,540625.0,1.15,405898.44,214002.0,1.27,761027.42,226850.0
2015-07-25,1.29,436208.03,362927.0,1.07,149262.89,216225.0,1.28,1211731.19,397510.0,1.18,433999.24,305800.0,0.95,2893887.74,543625.0,1.08,437377.75,214727.0,1.12,791332.34,227825.0
2015-07-18,1.25,491653.57,366632.0,0.98,186258.97,214450.0,1.37,1251919.24,394475.0,1.18,446862.52,308175.0,1.02,2614726.11,544438.0,0.97,557212.99,215388.0,1.24,797060.27,231350.0
2015-07-11,1.14,597860.19,373889.0,1.09,152991.78,215475.0,1.27,1338282.24,392600.0,1.02,568129.75,308400.0,1.03,2652480.7,548438.0,1.14,407204.88,215388.0,1.26,772151.2,231975.0
2015-07-04,1.35,582037.07,371402.0,0.97,201797.82,221600.0,1.18,1666825.63,390625.0,1.19,574999.04,305900.0,0.96,3435374.51,543063.0,1.01,562462.33,216450.0,1.24,937317.45,234100.0
2015-06-27,1.31,496302.98,376402.0,1.06,159981.66,221600.0,1.36,1284789.44,391875.0,1.16,508174.09,307475.0,0.94,2921148.91,543563.0,1.13,435210.71,215957.0,1.21,786250.22,232375.0
2015-06-20,1.19,577605.0,375222.0,0.96,188762.81,223125.0,1.28,1667026.11,391500.0,1.08,579558.0,306225.0,0.91,3040023.34,542750.0,0.99,554763.76,219732.0,1.24,804902.52,231375.0
2015-06-13,1.18,615500.43,368434.0,1.03,172302.47,223625.0,1.32,1363133.97,389738.0,1.08,622880.59,303738.0,0.79,3689140.93,539250.0,1.1,465804.78,219732.0,1.21,868197.41,228250.0
2015-06-06,1.27,494855.95,367149.0,0.96,189470.19,216750.0,1.32,1731061.12,387363.0,1.16,543944.19,304963.0,0.84,3261844.41,536500.0,0.99,551009.05,216370.0,1.24,824216.23,227000.0
2015-05-30,1.12,543908.18,360587.0,1.04,166214.14,216438.0,1.43,1493218.75,382363.0,1.01,600303.28,301775.0,0.85,3196936.02,535625.0,1.1,454702.0,215638.0,1.26,803571.87,225225.0
2015-05-23,1.14,577946.53,358587.0,0.98,194990.71,211935.0,1.37,1515022.63,372613.0,1.01,606039.09,298000.0,0.97,2853904.6,531188.0,0.96,623212.04,211138.0,1.23,887105.04,224975.0
2015-05-16,1.22,474081.77,355152.0,1.07,149400.13,206435.0,1.43,1255552.68,366875.0,1.06,487024.66,293463.0,0.98,2557700.83,530438.0,1.11,451250.7,209263.0,1.23,817870.17,223225.0
2015-05-09,1.08,638696.86,354563.0,1.07,165726.92,203685.0,1.22,2118593.92,363750.0,0.91,675269.74,291988.0,0.78,3553642.53,535188.0,1.1,480071.18,209863.0,1.23,835938.63,223225.0
2015-05-02,1.02,687972.03,355063.0,0.98,222813.0,200498.0,1.32,1679103.39,363750.0,0.95,644419.48,292650.0,0.78,4015563.02,536188.0,1.0,634213.1,205738.0,1.04,978376.13,219813.0
2015-04-25,1.19,490426.14,354492.0,1.08,166556.79,200750.0,1.44,1295589.61,368750.0,0.95,571442.54,294175.0,1.02,2355703.98,534375.0,1.12,448596.76,204282.0,1.24,779868.01,215750.0
2015-04-18,1.13,570030.63,354480.0,1.11,140649.3,200094.0,1.42,1332514.63,370917.0,0.99,610658.64,295088.0,0.93,2901188.07,531125.0,1.12,430966.34,203430.0,1.24,832529.06,215625.0
2015-04-11,1.33,396728.35,355080.0,1.0,158490.37,200844.0,1.43,1084407.8,367167.0,1.16,433703.29,290267.0,0.93,2799667.4,527625.0,0.99,451101.89,203442.0,1.24,710718.98,212029.0
2015-04-04,1.26,466120.48,351140.0,1.06,155074.03,200144.0,1.41,1244324.47,364667.0,1.22,432729.65,286042.0,1.01,2603114.56,520000.0,1.04,383139.49,198247.0,1.27,751812.42,208966.0
2015-03-28,1.22,452743.21,349460.0,1.07,151301.45,199269.0,1.36,1183815.23,364707.0,1.2,401824.91,282167.0,1.0,2566690.28,522250.0,1.11,365722.14,193828.0,1.22,757271.96,207029.0
2015-03-21,1.13,514196.67,346112.0,1.01,173980.22,197425.0,1.33,1192732.41,365040.0,1.1,426180.78,280305.0,1.01,2466735.33,519875.0,1.0,479590.62,194700.0,1.21,799946.53,198904.0
2015-03-14,1.24,453589.67,340011.0,1.08,131053.65,199925.0,1.45,1097737.98,370040.0,1.21,392802.67,284577.0,0.94,2690257.2,520013.0,1.12,399566.22,190575.0,1.09,827010.39,193750.0
2015-03-07,1.24,439846.35,335763.0,1.08,149239.4,201200.0,1.36,1129333.95,372540.0,1.17,419849.55,281327.0,0.86,2797745.89,520013.0,1.1,420826.32,191645.0,1.18,772997.09,191750.0
2015-02-28,1.07,613535.33,331263.0,0.99,169423.5,200313.0,1.18,1338129.89,371250.0,0.94,598755.26,277140.0,0.75,3094278.93,517763.0,0.99,512532.44,188520.0,1.09,863391.73,187750.0
2015-02-21,1.11,552036.54,326261.0,1.05,148164.2,201427.0,1.33,1088977.45,372500.0,1.11,495032.46,278890.0,0.83,2954705.54,513888.0,1.1,431308.56,184854.0,1.18,773078.09,186525.0
2015-02-14,1.33,352335.1,327887.0,1.03,153852.03,197677.0,1.36,997562.44,371886.0,1.23,363889.04,270938.0,0.83,2926435.94,507750.0,1.06,427391.28,183354.0,1.17,726401.24,188775.0
2015-02-07,1.08,488980.65,329637.0,0.94,171749.31,196827.0,1.11,1658708.73,370136.0,1.08,447701.68,269438.0,0.9,2641032.65,506500.0,1.03,433883.91,184104.0,1.13,729325.61,189525.0
2015-01-31,0.97,933148.31,332124.0,0.94,221471.45,194839.0,1.36,1433763.11,375286.0,0.98,776237.93,271527.0,0.74,4031949.04,503125.0,0.96,636771.37,185479.0,0.91,1133491.66,189150.0
2015-01-24,1.26,420124.11,335405.0,1.07,140855.47,195225.0,1.36,1102868.27,376536.0,1.09,432770.06,269027.0,0.96,2329987.29,501875.0,1.1,449332.85,189250.0,1.22,745439.17,189125.0
2015-01-17,1.2,463472.52,327405.0,1.08,143464.64,200225.0,1.37,1044280.56,374655.0,1.11,439617.61,273680.0,0.89,2800679.5,498125.0,1.11,431490.99,188250.0,1.14,797741.43,186875.0
2015-01-10,1.06,527350.82,331530.0,1.07,149832.2,200160.0,1.34,1018225.83,376405.0,1.05,510152.67,278882.0,0.85,2713699.6,498125.0,1.11,397542.72,191250.0,1.15,802874.94,190875.0
2015-01-03,0.97,634522.34,332911.0,1.0,162162.75,201160.0,1.09,1402890.2,370255.0,0.97,599965.86,280807.0,0.85,2682159.95,501250.0,1.0,435021.49,192875.0,1.11,783068.03,194625.0
2016-12-24,1.17,475143.56,402824.0,0.93,166486.05,243459.0,1.36,1087984.9,386750.0,0.94,525930.72,337375.0,0.84,2641775.31,580000.0,0.91,502787.29,215020.0,1.22,616653.72,213063.0
2016-12-17,1.09,459322.74,404254.0,0.92,158024.16,241366.0,1.26,1241381.71,389250.0,0.93,522499.15,340000.0,0.84,2377799.62,580938.0,0.94,463483.07,215426.0,1.18,631117.18,212813.0
2016-12-10,0.88,809403.75,406199.0,0.9,193711.04,239984.0,1.32,1163696.14,388250.0,0.7,923022.14,341575.0,0.75,2793917.73,579688.0,1.06,422026.71,212451.0,1.09,734954.21,212188.0
2016-12-03,1.23,531803.4,402279.0,0.96,189526.37,237234.0,1.52,960475.67,384500.0,1.0,594246.5,340175.0,0.78,2780629.1,579688.0,1.03,475815.02,209500.0,1.27,624751.15,212688.0
2016-11-26,1.45,383268.86,402292.0,1.24,129937.75,236298.0,1.56,970753.07,386500.0,1.22,404389.56,338300.0,1.01,2257271.18,574688.0,1.22,372144.31,207000.0,1.1,581638.75,212250.0
2016-11-19,1.41,447760.4,401863.0,1.33,131605.7,238358.0,1.59,1093097.04,381500.0,1.23,455618.12,335975.0,1.1,2272023.15,570000.0,1.14,448936.04,205975.0,1.13,694873.06,213750.0
2016-11-12,1.43,472868.46,399338.0,1.39,141387.19,237751.0,1.9,830018.48,386250.0,1.22,487762.79,334275.0,1.29,1913492.61,570000.0,1.25,408260.87,204193.0,1.82,436710.91,212500.0
2016-11-05,1.43,446970.37,398944.0,1.31,146936.93,242001.0,1.93,767190.62,392500.0,1.35,467433.56,332675.0,1.52,1595013.07,567500.0,1.29,393826.35,205443.0,2.07,376476.71,212500.0
2016-10-29,1.42,368056.21,395408.0,1.18,151715.9,242311.0,1.99,618279.77,390500.0,1.4,407047.88,336425.0,1.48,1499286.88,570750.0,1.26,408314.87,203574.0,2.07,375213.57,213125.0
2016-10-22,1.12,619599.06,393158.0,1.19,163017.85,240124.0,1.95,807564.93,390500.0,1.12,568596.03,336875.0,1.23,2133563.24,575750.0,1.23,422281.05,205849.0,1.84,431274.2,211875.0
2016-10-15,1.2,618367.26,391933.0,1.06,177609.17,242124.0,1.89,969846.54,389000.0,1.16,563725.3,336000.0,1.17,2548687.86,573250.0,1.16,459564.78,206556.0,1.8,523682.5,211625.0
2016-10-08,1.23,556874.5,389214.0,1.2,156477.24,239099.0,1.76,1031060.45,390250.0,1.08,598035.57,339000.0,1.16,2766529.12,573250.0,1.23,452109.18,204056.0,1.82,515146.04,212862.0
2016-10-01,0.89,917139.67,396500.0,1.15,172755.25,237475.0,1.72,1057930.65,394750.0,0.83,954737.07,338299.0,1.06,2865744.94,573750.0,1.26,440044.4,204050.0,1.83,509215.79,212487.0
2016-09-24,1.03,655426.45,395424.0,1.16,174768.99,236078.0,1.62,1061132.87,400375.0,0.87,694289.8,339549.0,1.0,3007073.27,568500.0,1.26,435756.8,202689.0,1.8,553863.82,214987.0
2016-09-17,1.03,586212.19,399138.0,1.01,191359.67,234203.0,1.5,1108446.44,402500.0,0.94,603235.38,345124.0,1.06,2589309.14,568625.0,1.01,527700.95,203014.0,1.7,600389.56,216487.0
2016-09-10,1.0,644049.31,402388.0,0.75,250165.13,234728.0,1.26,1558413.54,407250.0,0.88,671817.53,346999.0,0.95,2939704.87,567375.0,0.9,597759.18,205514.0,1.67,635036.01,220250.0
2016-09-03,1.13,563852.38,396138.0,0.73,292902.13,234996.0,1.47,1278749.25,408500.0,1.01,613058.51,345888.0,0.88,3431676.04,568875.0,0.89,614657.03,207389.0,1.6,670453.42,225000.0
2016-08-27,1.08,592604.21,401145.0,1.09,172757.72,237644.0,1.58,1212399.97,411625.0,0.99,621458.42,344638.0,0.81,3563268.97,575375.0,0.95,539642.66,206861.0,1.6,621715.78,228750.0
2016-08-20,1.11,605652.82,398142.0,1.09,184733.93,240769.0,1.47,1334937.86,408500.0,0.92,668003.85,338813.0,0.93,3086167.04,577750.0,0.94,549139.07,210611.0,1.63,628099.41,232249.0
2016-08-13,1.14,591638.12,399612.0,1.06,202833.66,244394.0,1.49,1275952.93,406250.0,0.98,623628.8,334438.0,1.03,2879218.13,576500.0,0.87,666493.32,211861.0,1.67,626086.69,230124.0
2016-08-06,1.11,619209.25,403292.0,1.12,188016.6,243438.0,1.54,1256917.91,408000.0,0.96,659207.94,337000.0,1.0,3094362.21,575000.0,1.04,508354.34,215575.0,1.68,644670.46,230624.0
2016-07-30,1.12,595856.48,399612.0,1.1,186520.46,245077.0,1.7,1122162.86,405500.0,1.02,608614.15,336750.0,1.06,2826836.07,573750.0,0.98,537633.39,218214.0,1.68,614939.39,230874.0
2016-07-23,1.1,581023.47,401400.0,1.07,191727.48,243702.0,1.68,1180373.67,408250.0,0.97,602085.03,339125.0,1.01,3033328.67,568750.0,1.0,495686.56,218464.0,1.66,658913.69,233100.0
2016-07-16,1.03,639853.23,403597.0,1.07,196773.62,241952.0,1.64,1076259.08,406000.0,0.93,612572.73,344125.0,0.97,3092234.0,572500.0,1.01,474063.61,218464.0,1.51,717279.19,235725.0
2016-07-09,1.11,628610.41,402399.0,1.0,198240.02,244390.0,1.51,1266199.75,401750.0,0.98,669673.68,342125.0,0.93,3293224.51,573500.0,0.92,560865.26,218500.0,1.53,712080.66,235225.0
2016-07-02,1.1,663580.48,402386.0,0.87,250902.49,240250.0,1.53,1280725.34,400250.0,0.98,728681.01,343625.0,0.95,3449361.49,573875.0,0.77,789398.22,217750.0,1.23,974278.32,235475.0
2016-06-25,1.03,638550.37,399886.0,0.98,195471.62,241625.0,1.2,1622151.78,393750.0,0.92,662145.29,341850.0,0.85,3258184.45,582625.0,0.85,606856.8,218000.0,1.18,860170.92,236750.0
2016-06-18,0.97,677710.31,394719.0,0.89,232084.2,241750.0,1.5,1372612.33,388500.0,0.86,682680.66,338325.0,0.9,3237847.21,584875.0,0.78,692767.07,221500.0,1.2,882074.39,235644.0
2016-06-11,1.01,666340.59,393488.0,0.97,190921.36,239313.0,1.44,1485642.35,387250.0,0.85,626226.63,334575.0,0.83,3248769.26,583875.0,0.78,608386.28,220250.0,1.3,770843.17,237144.0
2016-06-04,0.86,866343.38,393925.0,0.88,223368.78,239563.0,1.47,1447580.25,382250.0,0.78,942774.69,332075.0,0.76,3715458.49,582250.0,0.75,691201.38,219000.0,1.2,885602.82,234644.0
2016-05-28,0.87,771235.53,390675.0,0.87,238624.36,234563.0,1.08,1827100.26,382250.0,0.77,832869.55,334775.0,0.83,3203935.53,576563.0,0.78,691344.07,217250.0,1.15,958566.68,231319.0
2016-05-21,0.87,726064.91,385300.0,0.92,204128.5,232313.0,1.14,1586647.62,378500.0,0.78,689730.64,332435.0,0.76,3134305.39,573063.0,0.79,585351.77,215750.0,1.11,903864.9,230550.0
2016-05-14,0.83,844349.33,380800.0,0.81,219615.86,230500.0,1.14,1706730.17,374125.0,0.75,884782.05,334060.0,0.82,2866855.58,570563.0,0.68,755306.53,215750.0,1.04,930403.37,227800.0
2016-05-07,0.82,1007800.54,376625.0,0.88,212720.44,227625.0,0.77,2740587.86,374375.0,0.75,969780.21,334935.0,0.64,3942054.31,566813.0,0.81,643699.77,217750.0,0.97,974740.13,228800.0
2016-04-30,0.82,858037.45,377375.0,0.81,237679.37,223875.0,1.22,1536109.56,372125.0,0.76,852118.86,330385.0,0.62,3863314.25,568750.0,0.77,735635.49,213988.0,1.0,890281.5,226375.0
2016-04-23,0.88,752138.28,377930.0,0.81,233759.31,222375.0,1.12,1718055.86,370875.0,0.79,714374.65,331250.0,0.75,3136882.52,562500.0,0.79,654018.81,212238.0,1.08,879308.05,223500.0
2016-04-16,0.84,862450.87,373680.0,0.9,178369.19,222183.0,1.08,1030786.84,371500.0,0.69,917689.13,327826.0,0.76,3185230.67,561000.0,0.89,512348.02,210238.0,1.08,913421.8,219000.0
2016-04-09,0.93,728447.49,375555.0,0.82,206829.38,222295.0,1.09,987897.9,367813.0,0.88,681434.09,327201.0,0.77,3288356.88,557250.0,0.83,590001.82,208738.0,1.11,770661.72,214750.0
2016-04-02,0.86,793187.83,369617.0,0.95,165587.67,223100.0,1.31,1240608.2,372563.0,0.79,806264.89,324701.0,0.82,2793982.31,553500.0,1.03,423485.95,206563.0,1.15,712210.03,210500.0
2016-03-26,0.85,781581.62,365688.0,0.93,171568.47,221838.0,1.32,1395562.08,376313.0,0.71,806586.49,319076.0,0.73,3467762.25,552125.0,0.98,458635.34,202538.0,0.9,865585.06,208250.0
2016-03-19,1.02,596110.62,366938.0,0.93,179305.81,218655.0,1.09,1743194.56,374813.0,0.94,556500.49,315475.0,0.74,3374876.94,546125.0,0.98,496190.99,201413.0,1.11,770557.34,203500.0
2016-03-12,0.94,712808.08,363375.0,0.87,188478.21,217543.0,1.17,1600417.32,377250.0,0.79,750735.4,308338.0,0.79,2987393.94,549875.0,0.9,588656.86,198410.0,1.0,823796.56,198750.0
2016-03-05,0.88,782395.12,363063.0,0.97,159755.26,214488.0,1.24,1455656.4,374375.0,0.83,769499.11,302838.0,0.76,3138836.66,542375.0,1.03,458837.18,199710.0,1.13,809325.93,194250.0
2016-02-27,0.91,737516.16,355800.0,0.88,190263.02,212533.0,1.15,1594427.98,378125.0,0.83,725928.01,302963.0,0.72,3332578.34,537500.0,0.9,555470.58,197962.0,1.15,780951.86,190625.0
2016-02-20,0.86,755726.36,350550.0,0.94,182025.3,215133.0,1.21,1315177.5,380875.0,0.71,823186.03,299863.0,0.76,3232888.65,532500.0,1.04,417205.77,197349.0,1.09,752336.04,189875.0
2016-02-13,0.98,593651.59,346577.0,0.88,203205.09,212508.0,1.09,1806980.64,380875.0,0.87,567176.93,299250.0,0.65,3664088.6,529250.0,0.97,481484.29,194852.0,1.0,803120.71,191050.0
2016-02-06,0.75,1040955.47,347077.0,0.77,268608.69,218133.0,0.95,2202127.86,378188.0,0.72,948838.16,300750.0,0.58,4982700.11,531500.0,0.76,722211.0,195739.0,0.82,1134049.22,194800.0
2016-01-30,0.98,666670.45,356436.0,0.95,173689.71,215100.0,1.02,1615465.33,374438.0,0.88,674373.81,297500.0,0.74,3197788.06,536500.0,1.04,437490.64,193763.0,1.12,774091.49,194675.0
2016-01-23,0.92,726078.64,357936.0,0.87,167159.24,217125.0,1.3,1429242.83,370688.0,0.9,596989.37,302250.0,0.76,3173509.36,540248.0,0.92,528776.51,198000.0,1.01,794029.7,195925.0
2016-01-16,0.94,788935.31,355596.0,0.95,181360.74,220438.0,1.01,1840344.27,370063.0,0.87,731385.02,304750.0,0.76,2952576.85,542248.0,1.04,445089.93,200188.0,1.11,778412.5,198500.0
2016-01-09,0.86,831911.78,355026.0,0.9,212752.83,220310.0,1.15,1364272.64,372643.0,0.88,731602.32,307500.0,0.74,3172437.94,545373.0,0.93,558348.8,203938.0,1.08,844277.25,198500.0
2016-01-02,0.89,814295.85,355555.0,0.98,185316.35,225310.0,1.07,1454164.32,374611.0,0.75,830063.2,313103.0,0.64,3967109.33,546623.0,1.05,449263.47,208925.0,0.93,1009667.15,201375.0
2017-12-30,1.1,559149.89,460464.0,0.81,258729.83,272594.0,1.33,1201219.44,400064.0,0.89,614950.95,367488.0,0.88,3212261.75,619610.0,0.95,649352.59,231797.0,0.93,1182647.5,222795.0
2017-12-23,1.46,394845.19,460171.0,1.04,182002.85,272005.0,1.34,1233461.89,399564.0,1.33,407742.01,367863.0,1.1,2389829.32,621412.0,1.11,444781.87,227500.0,1.36,707646.11,223550.0
2017-12-16,1.49,361827.41,451658.0,0.91,197844.12,274427.0,1.41,1181560.33,398365.0,1.31,430915.0,361613.0,0.89,3130916.47,616974.0,1.0,484326.63,226850.0,1.49,620053.78,222175.0
2017-12-09,1.39,389912.46,444146.0,0.9,239587.94,272427.0,1.14,2390308.58,399290.0,1.29,424741.73,362625.0,1.07,2404221.58,621813.0,0.99,543619.28,224350.0,1.13,1021445.27,222425.0
2017-12-02,1.26,500180.0,446362.0,1.01,229337.0,268806.0,1.41,1191930.0,398040.0,0.88,777430.0,365500.0,1.01,2615853.0,618063.0,1.07,504933.0,222100.0,1.56,654739.0,220550.0
2017-11-25,1.61,322421.0,445405.0,1.08,159826.0,265951.0,1.42,1210256.0,399415.0,1.48,336192.0,363000.0,1.19,2153918.0,614313.0,1.12,412213.0,222100.0,1.7,506394.0,220625.0
2017-11-18,1.62,347463.0,444335.0,1.02,188444.0,263290.0,1.37,1335298.0,400800.0,1.53,350149.0,369243.0,1.14,2391383.0,615000.0,1.13,453755.0,220361.0,1.71,555872.0,221125.0
2017-11-11,1.34,498620.0,444847.0,1.07,202631.0,260254.0,1.52,1122350.0,397375.0,1.11,593320.0,368993.0,1.08,2626121.0,612500.0,1.11,518209.0,221611.0,1.78,541010.0,220375.0
2017-11-04,1.37,503544.6,443417.0,1.02,229240.49,261337.0,1.41,1319642.14,397736.0,1.03,681564.98,368993.0,1.04,2691240.89,611250.0,1.08,567572.7,221961.0,1.77,538967.37,220875.0
2017-10-28,1.53,452358.05,442280.0,1.14,217723.59,261387.0,1.57,1217806.97,397611.0,1.29,520629.7,370868.0,1.09,2850377.2,608750.0,1.28,493921.1,220686.0,1.94,551605.92,221214.0
2017-10-21,1.48,468703.71,442113.0,1.41,167135.85,262877.0,1.54,1253047.6,400361.0,1.36,511400.66,369625.0,1.49,1968638.86,609624.0,1.49,406008.95,223075.0,2.06,519814.03,222589.0
2017-10-14,1.74,411343.55,443363.0,1.57,161020.39,263475.0,1.68,1176751.31,405361.0,1.25,546932.09,371875.0,1.67,1779831.36,613374.0,1.64,406111.3,221325.0,2.11,546055.57,224089.0
2017-10-07,2.02,358445.95,444005.0,1.76,140968.03,264288.0,1.69,1105462.53,412500.0,1.9,363427.67,371000.0,1.8,1711267.24,613374.0,1.6,411520.44,221850.0,2.22,516320.59,224839.0
2017-09-30,2.01,363941.68,446143.0,1.7,154956.62,264538.0,1.67,1201890.84,414500.0,1.84,362296.15,368375.0,1.77,1697028.59,621874.0,1.55,421235.13,220120.0,2.14,537708.81,226225.0
2017-09-23,1.99,367468.92,448603.0,1.66,159412.07,262413.0,1.65,1178504.26,415813.0,1.82,354180.85,369625.0,1.75,1760610.46,622250.0,1.5,403780.43,217370.0,2.07,551895.8,225975.0
2017-09-16,1.88,431277.46,446103.0,1.48,167440.24,262772.0,1.61,1154925.12,421813.0,1.83,378220.95,368625.0,1.73,1865690.48,623250.0,1.59,392935.2,219120.0,2.15,553215.27,225975.0
2017-09-09,2.07,388099.41,444291.0,1.42,176082.45,261522.0,1.61,1150959.1,423063.0,1.87,384536.99,369738.0,1.74,1969051.97,627000.0,1.54,466988.83,219245.0,2.02,590590.1,227225.0
2017-09-02,1.94,409075.07,442041.0,1.34,188701.54,263772.0,1.8,1077993.21,426063.0,1.76,415130.61,372863.0,1.61,2176974.29,619813.0,1.53,433455.08,222000.0,2.0,614460.2,230405.0
2017-08-26,1.54,562332.61,440055.0,1.28,184465.49,265897.0,1.81,1100987.66,428500.0,1.34,597580.17,374113.0,1.66,2117126.8,619563.0,1.49,458036.12,222225.0,1.93,624618.47,233655.0
2017-08-19,1.67,496897.67,440555.0,1.07,261757.88,266475.0,1.75,1057188.97,427500.0,1.32,671617.66,373863.0,1.45,2309865.74,613563.0,1.43,475921.53,223725.0,1.88,674811.14,237905.0
2017-08-12,1.81,438236.06,438974.0,1.05,268655.66,267725.0,1.58,1267239.35,428750.0,1.71,432923.79,372350.0,1.19,2832849.85,613563.0,1.37,534058.7,226713.0,1.89,640354.46,241155.0
2017-08-05,1.73,493703.62,443411.0,1.13,243526.27,267313.0,1.56,1277419.69,434750.0,1.58,540879.33,373100.0,1.22,2742628.31,615000.0,1.36,518140.33,226963.0,1.72,692140.55,242500.0
2017-07-29,1.72,470813.03,444188.0,1.14,217774.89,266063.0,1.52,1306226.34,438500.0,1.34,575652.16,374350.0,1.39,2426027.85,620438.0,1.34,472013.29,226988.0,1.62,735265.55,243000.0
2017-07-22,1.54,509159.42,446188.0,1.21,211384.21,267019.0,1.55,1306877.98,437250.0,1.15,606128.4,374350.0,1.38,2484918.32,624188.0,1.24,518682.51,228243.0,1.59,752799.06,243750.0
2017-07-15,1.68,473361.62,447313.0,1.18,212210.95,268956.0,1.57,1327763.45,434750.0,1.38,530468.65,378125.0,1.37,2558156.26,621688.0,1.2,582068.66,226162.0,1.54,801887.84,244500.0
2017-07-08,1.0,905064.3,444055.0,0.99,267296.7,268894.0,1.63,1442667.56,427500.0,0.7,1136070.26,378750.0,1.12,3382974.98,622938.0,1.19,507337.7,228212.0,1.54,880107.48,245750.0
2017-07-01,1.21,682920.51,448430.0,0.96,281067.39,270644.0,1.72,1304560.72,419750.0,0.99,767074.64,376250.0,1.07,3507155.74,616500.0,1.16,528297.88,229603.0,1.45,943746.5,247000.0
2017-06-24,1.17,680060.61,447930.0,0.9,287217.67,270575.0,1.47,1521598.08,417750.0,0.96,803349.86,377625.0,0.92,3655667.22,612813.0,1.12,501274.14,228698.0,1.44,868770.67,247625.0
2017-06-17,1.16,696101.26,448735.0,1.0,260893.43,268387.0,1.82,1242160.85,410250.0,0.97,755535.79,375595.0,0.99,3631321.55,613938.0,1.2,492836.43,230291.0,1.53,862382.95,246125.0
2017-06-10,1.21,664560.99,448805.0,1.13,218540.28,263887.0,1.74,1374185.78,405250.0,1.0,718937.65,371820.0,0.99,3390850.94,612438.0,1.13,572838.59,229991.0,1.6,807370.03,244875.0
2017-06-03,1.21,681109.55,445305.0,1.07,269102.17,258231.0,1.83,1335461.36,405475.0,1.12,698957.23,371820.0,0.96,3637220.72,613688.0,1.08,710038.58,227543.0,1.64,776194.77,242063.0
2017-05-27,1.19,729001.29,440805.0,0.97,282671.14,257853.0,1.75,1451146.59,403725.0,0.97,820850.36,368822.0,1.13,3243908.89,612375.0,1.23,523993.71,223193.0,1.63,781085.77,239188.0
2017-05-20,1.25,628075.85,439624.0,0.99,259151.84,258862.0,1.8,1298242.54,401238.0,1.01,750346.5,364602.0,1.14,2921916.66,611250.0,1.2,526840.14,221943.0,1.64,764241.14,240438.0
2017-05-13,1.09,760302.75,437387.0,1.02,225323.91,258837.0,1.75,1387420.96,398738.0,0.95,765147.43,366502.0,0.94,3551402.91,608250.0,1.18,568923.79,218693.0,1.6,792532.64,237870.0
2017-05-06,1.0,962478.04,434012.0,0.84,368796.8,257006.0,1.65,1746824.6,395013.0,0.91,933826.15,362752.0,0.87,4214313.1,607000.0,1.1,726726.65,220777.0,1.51,976084.98,238670.0
2017-04-29,0.92,906413.45,431712.0,0.99,286322.22,252472.0,1.84,1228100.25,393763.0,0.84,940104.32,359438.0,0.99,3299258.02,604500.0,1.17,595539.82,220777.0,1.62,787324.19,238170.0
2017-04-22,1.11,653100.77,424213.0,1.1,226088.3,249761.0,1.68,1247609.13,393750.0,0.91,756075.76,357759.0,1.04,3074226.19,600750.0,1.21,530030.64,221527.0,1.63,719367.5,234420.0
2017-04-15,1.09,682386.6,417665.0,1.09,230566.12,250260.0,1.76,1222890.71,390875.0,0.98,743878.59,355859.0,1.18,2789630.4,597500.0,1.15,543227.58,222213.0,1.65,742675.28,232738.0
2017-04-08,0.96,838359.35,415652.0,1.03,251089.69,252223.0,1.75,1277721.97,390875.0,1.08,713478.54,351799.0,1.01,2993246.61,595000.0,1.23,465350.2,220186.0,1.65,699592.47,230250.0
2017-04-01,1.18,618377.56,416702.0,0.95,281438.76,252248.0,1.74,1221327.78,387125.0,1.12,672306.68,352987.0,0.98,3100355.01,597000.0,1.26,481933.74,216686.0,1.65,676300.83,227250.0
2017-03-25,1.16,608172.61,415452.0,0.91,276732.88,250879.0,1.72,1154893.52,384625.0,1.12,629914.06,355415.0,1.12,2583323.58,592000.0,1.32,443514.95,215186.0,1.64,656875.03,226000.0
2017-03-18,1.14,600698.43,414863.0,0.96,228023.12,247893.0,1.7,1155875.16,385000.0,1.11,634212.88,352590.0,1.11,2737872.14,592000.0,1.25,460990.81,211993.0,1.64,678898.01,222750.0
2017-03-11,0.91,846864.87,410555.0,0.75,261830.38,246918.0,1.76,1163703.37,385000.0,0.84,922940.33,350531.0,1.12,2633574.94,578250.0,1.21,469277.94,210493.0,1.66,665364.72,215500.0
2017-03-04,0.94,803073.94,403868.0,0.6,379324.44,240643.0,1.39,1465568.77,386250.0,0.89,770551.84,344268.0,0.99,2768930.88,571625.0,1.08,511362.62,208993.0,1.62,680803.2,212500.0
2017-02-25,0.8,823735.2,395618.0,0.88,216226.59,236463.0,1.55,1241381.61,391625.0,0.7,877633.92,337141.0,0.82,2935077.5,566625.0,0.85,631507.77,205668.0,1.61,674827.05,207500.0
2017-02-18,0.87,758887.32,391493.0,0.82,225664.23,235515.0,1.28,1052132.16,393875.0,0.76,869425.93,335803.0,0.79,3033918.41,557875.0,0.86,563018.6,205476.0,1.27,728402.35,205250.0
2017-02-11,0.77,750095.92,385953.0,0.66,271393.5,235740.0,1.19,1955395.44,390125.0,0.77,724514.73,334659.0,0.64,3625630.64,564125.0,0.79,666871.06,204351.0,1.05,874349.55,209000.0
2017-02-04,0.76,1093144.23,381390.0,0.68,377719.7,238578.0,1.24,2544483.08,388375.0,0.68,1189151.17,336360.0,0.53,5470227.08,567250.0,0.83,888094.87,205601.0,0.7,1621253.97,210250.0
2017-01-28,0.86,838930.98,387202.0,0.93,238392.73,241078.0,1.52,1270564.47,386250.0,0.76,909463.13,340988.0,0.6,4230448.98,572000.0,0.95,627695.79,202614.0,1.1,830499.38,212750.0
2017-01-21,0.85,865893.82,389777.0,0.87,251189.52,243288.0,1.48,1721917.04,381500.0,0.87,711564.14,340175.0,0.62,4215552.57,574000.0,0.84,755472.09,207563.0,1.21,845065.66,212250.0
2017-01-14,0.93,755537.27,392638.0,0.89,251914.74,243784.0,1.38,1384264.04,384000.0,0.85,758125.51,340438.0,0.76,3363407.98,574000.0,0.99,557377.82,208281.0,1.23,776820.81,211000.0
2017-01-07,0.8,938061.93,398192.0,0.84,255094.17,245959.0,1.29,1532074.69,384500.0,0.85,877646.01,340000.0,0.89,3120961.67,573000.0,0.98,601546.19,213256.0,1.16,822522.24,211625.0
2016-12-31,0.84,822000.04,403163.0,0.73,249074.81,243709.0,1.44,940983.17,383750.0,0.73,869835.55,336750.0,0.84,3551337.17,574500.0,0.93,547565.88,218270.0,1.15,803348.87,211125.0
2018-03-24,1.4,524265.69,472089.0,0.95,306280.52,271930.0,1.34,1774776.77,394553.0,1.06,658169.39,379962.0,1.02,2843541.07,631250.0,1.04,624645.42,233067.0,1.36,908202.13,230750.0
2018-03-17,1.21,685505.57,471339.0,0.89,316201.23,271840.0,1.43,1564859.63,396365.0,1.04,759157.5,377212.0,0.91,3395262.7,630000.0,0.95,730449.69,229192.0,1.42,841171.24,228375.0
2018-03-10,1.42,514742.18,471339.0,0.94,304701.2,268506.0,1.35,1755052.38,398428.0,1.11,676307.43,376712.0,1.03,3059034.3,630563.0,0.96,695821.13,227805.0,1.54,830421.03,224875.0
2018-03-03,1.43,456320.3,465053.0,1.03,243867.72,270781.0,1.23,1931495.66,398388.0,1.16,592281.81,375987.0,1.1,2667104.06,625813.0,1.08,594551.6,226305.0,1.53,820728.47,222234.0
2018-02-24,1.22,636462.47,457894.0,1.08,230229.94,265430.0,1.3,1615325.14,399523.0,1.01,772848.65,374750.0,1.0,3029956.79,618313.0,1.06,586240.44,222113.0,1.51,794925.31,219459.0
2018-02-17,1.46,468075.23,444824.0,1.05,230083.5,265430.0,1.24,1413687.38,400773.0,1.06,636925.69,374000.0,1.08,2749718.75,608313.0,1.04,538448.01,223113.0,1.53,736317.26,219209.0
2018-02-10,1.4,468936.03,431068.0,0.8,303827.76,263739.0,1.27,2051389.99,398079.0,1.25,507333.47,374500.0,0.85,3323882.38,601000.0,0.87,723928.38,220738.0,1.39,897178.36,219709.0
2018-02-03,1.04,909127.6,430603.0,0.8,391780.25,261950.0,1.28,2959541.38,398119.0,0.88,1051039.26,375000.0,0.73,5070580.56,600250.0,0.86,957792.07,220988.0,0.88,1802646.35,219600.0
2018-01-27,1.34,548587.07,435924.0,1.08,221273.84,264950.0,1.2,2278728.69,399369.0,1.34,486679.98,380000.0,1.08,2893717.97,601625.0,1.08,559460.44,220488.0,1.36,947968.47,220563.0
2018-01-20,1.31,600669.78,442244.0,1.0,273473.62,267069.0,1.27,2135242.76,399869.0,1.17,608159.45,379625.0,1.15,2653023.23,606074.0,1.1,639421.29,225035.0,1.42,951648.11,219858.0
2018-01-13,1.26,709903.13,457000.0,1.04,291320.91,268344.0,1.67,1294149.71,401314.0,1.06,747864.18,377125.0,1.28,2409159.6,614074.0,1.1,670766.04,227547.0,1.64,762997.53,221358.0
2018-01-06,1.43,474305.15,463250.0,0.85,303963.18,270869.0,1.67,1287480.31,401314.0,1.22,567488.01,374113.0,1.04,2725856.44,613485.0,0.98,713915.8,230047.0,1.5,842141.42,221858.0
